p1=[32/(3.2^2), sind(35)^2, 6.1, log(29^2), 0.00552, log(29)^2, 133];

p2=linspace(81,12,9);

vecA=(49:-3:10);
vecB=vecA([1:4, end-3:end]);

B=[18 17 16 15 14 13;12 11 10 9 8 7;6 5 4 3 2 1];


