%2
%p1=[2 3 5 7 11]
%p2=[2, 3, 5, 7, 11]
%q1=[2; 3; 5; 7; 11]
%q2=[2
%    3
%    5
%    7
%   11]


%3
A=[1 2;3 4;5 6]
B=A'
A(2,1)