C=30;

F=32+((9*C)/5)