%Problem 3
A=[1 2 3 4;1 0 -1 0;0 1 4 -5;13 14 15 16];
b=[-10;-2;30;-34];
x=A\b;