Temp = [25
    19
    11
    26
    39
    58
    27
    20
    28
    37
    59
    55
    52
    50
    48
    37
    44
    35
    32
    41
    19
    17
    20
    17
    36
    24
    44
    19
    24
    30
    40
    46
    50
    38
    35
    30
    28
    30
    29
    30
    25
    23
    28
    33
    34
    35
    31
    26
    27
    36
    47
    38
    52
    48
    40
    26
    28
    27
    24
    34
    37
    25
    29
    24
    30
    38
    52
    38
    44
    56
    44
    36
    38
    55
    37
    30
    40
    43
    48
    41
    54
    40
    29
    37
    33
    44
    55
    52
    39
    42
    55
    59
    54
    47
    49
    56
    61
    66
    53
    62
    70
    68
    55
    75
    67
    41
    40
    46
    59
    55
    72
    76
    56
    55
    66
    52
    51
    57
    46
    46
    65
    66
    66
    59
    63
    60
    69
    73
    55
    80
    79
    87
    55
    69
    77
    72
    73
    69
    64
    72
    74
    65
    59
    67
    72
    78
    70
    49
    66
    74
    63
    78
    84
    80
    66
    62
    73
    82
    86
    78
    79
    71
    67
    62
    73
    76
    82
    88
    83
    81
    73
    73
    78
    80
    82
    88
    78
    79
    84
    86
    88];